411
427.500000000000
454.500000000000
460
467
474.500000000000
483
489.500000000000
495
500.500000000000
507
513.500000000000
519
523.500000000000
528.500000000000
533
538
543.500000000000
550
556
562
568
574
580.500000000000
587
593
600
609.500000000000
624.500000000000
637
645
653
659
667
673.500000000000
681
688
694.500000000000
703.500000000000
710.500000000000
719
726
733
739
752
758
1118
1124
1130
1136.50000000000
1144.50000000000
1150.50000000000
1156
1161
1168
1174.50000000000
1182
1188.50000000000
1196
1202.50000000000
1217
1223.50000000000
1234
1336
1342
1352
1359
1365.50000000000
1374.50000000000
1381
1387
1393
1399
1406