4.19999999999995
0.625000000000000
17.1000000000000
10.9666666666666
7.36666666666664
1.42499999999998
11.8666666666667
68.1000000000000
70.1666666666666
110.850000000000
61.5666666666667
118.350000000000
85.3000000000000
246.300000000000
343.600000000000
258.366666666667
209.733333333333
227.650000000000
115.966666666667
87.0333333333333
69.8666666666666
70.7000000000000
56.7333333333334
45.4000000000000
61.8000000000000
36.7000000000000
48.5000000000000
35.4500000000000
24.4000000000000
50.6000000000000
50.2333333333333
55.0666666666666
63.0333333333333
90.8999999999999
58.7250000000000
111.233333333333
128.600000000000
106.525000000000
118.375000000000
105.075000000000
112.666666666667
111.933333333333
100.100000000000
84.2333333333333
69.2000000000000
68.4333333333333
35.3000000000000
86.0666666666666
84.4000000000000
73.7250000000000
81.7000000000000
188.150000000000
295.500000000000
342.400000000000
259.800000000000
106.700000000000
82.1666666666667
65.1500000000000
78.6333333333333
47.0750000000000
42.6666666666667
35.5500000000000
15.7333333333333
42.1666666666666
48.5333333333333
60.5400000000000
104.533333333333
60.6750000000000
93.9500000000000
342.933333333333
335.266666666667
270.433333333333
276.033333333333
67.9666666666667