0.0491560000000000
0.0492043333333333
0.0492043333333333
0.0492043333333333
0.0491560000000000
0.0490593333333333
0.0491560000000000
0.0493010000000000
0.0493976666666667
0.0493976666666667
0.0493010000000000
0.0491076666666667
0.0490110000000000
0.0489626666666667
0.0491076666666667
0.0493010000000000
0.0493493333333333
0.0493010000000000
0.0491076666666667
0.0491076666666667
0.0491076666666667
0.0492043333333333
0.0490110000000000
0.0490593333333333
0.0488176666666667
0.138015000000000
0.237074666666667
0.340050333333333
0.354070333333333
0.349622666666667
0.338938333333333
0.333185333333333
0.349961333333333
0.371185000000000
0.389701333333333
0.389749666666667
0.394826000000000
0.395454666666667
0.398162000000000
0.400047333333333
0.414841000000000
0.434566000000000
0.447812666666667
0.452840333333333
0.462896000000000
0.470003000000000
0.478415333333333
0.488664666666667
0.496883333333333
0.504618666666667
0.512112000000000
0.527824333333333
0.540200666666667
0.544261666666667
0.550836666666667
0.550208000000000
0.557846666666667
0.552141666666667
0.560989000000000
0.558958666666667
0.561134333333333
0.555961333333333
0.557363333333333
0.561714333333333
0.571238333333333
0.572592000000000
0.572688666666667
0.568241000000000
0.562778000000000
0.555768000000000
0.553012333333333
0.562052666666667
0.565920333333333
0.567225666666667
0.566259000000000
0.572447333333333
0.577378666666667
0.579699000000000
0.576798000000000
0.573945333333333
0.573752000000000
0.574574000000000
0.577571666666667
0.574767666666667
0.575879666666667
0.573027000000000
0.569884666666667
0.570223000000000
0.566597333333333
0.570271666666667
0.568821333333333
0.573510666666667
0.569691333333333
0.565920333333333
0.563406333333333
0.557895000000000
0.559974000000000
0.558717000000000
0.564131666666667
0.567612333333333
0.567177333333333
0.563744666666667
0.556106333333333
0.565485333333333
0.568241000000000
0.571963333333333
0.559248666666667
0.550353000000000
0.542763000000000
0.542714666666667
0.549096333333333
0.556686333333333
0.550401333333333
0.544116666666667
0.538605333333333
0.540249000000000
0.538895333333333
0.536333000000000
0.538363666666667
0.527921000000000
0.526180666666667
0.524827000000000
0.537106666666667
0.540055666666667
0.543778000000000
0.550739666666667
0.551706666666667
0.538460000000000
0.530144666666667
0.528984333333333
0.542473000000000
0.545422000000000
0.542859666666667
0.537203000000000
0.533915666666667
0.537155000000000
0.540877666666667
0.550498333333333
0.551368333333333
0.551900333333333
0.549289666666667
0.553931000000000
0.561666000000000
0.563986666666667
0.562439666666667
0.555961333333333
0.559393666666667
0.558910000000000
0.556734666666667
0.549918000000000
0.545760333333333
0.547790666666667
0.554172333333333
0.561569333333333
0.562294666666667
0.555913000000000
0.548612666666667
0.549289333333333
0.556057666666667
0.559248666666667
0.562826333333333
0.564712000000000
0.564083333333333
0.561714333333333
0.555187666666667
0.549869666666667
0.546582333333333
0.546147000000000
0.546533666666667
0.537444666666667
0.514577333333333
0.508147666666667
0.505972000000000
0.504715000000000
0.499783666666667
0.497366666666667
0.501186000000000
0.503361333333333
0.501910666666667
0.511628000000000
0.518928333333333
0.525793666666667
0.526277333333333
0.523038333333333
0.527969333333333
0.529709666666667
0.540974000000000
0.547210666666667
0.556541333333333
0.565727000000000
0.569836333333333
0.568531000000000
0.555236000000000
0.547597333333333
0.548902666666667
0.556299333333333
0.566838666666667
0.569352666666667
0.570948333333333
0.567129000000000
0.564953333333333
0.562149333333333
0.560844000000000
0.558233333333333
0.546630333333333
0.543343000000000
0.537590000000000
0.546679000000000
0.545132000000000
0.561279333333333
0.574574333333333
0.582116000000000
0.568821000000000
0.567225333333333
0.568385666666667
0.571044666666667
0.561569000000000
0.559152000000000
0.570320000000000
0.587434333333333
0.605467000000000
0.611220000000000
0.598698666666667
0.557895000000000
0.515061000000000
0.482089333333333
0.468697666666667
0.457820000000000
0.444766666666667
0.432487000000000
0.422576000000000
0.410393000000000
0.409716333333333
0.406042000000000
0.410635000000000
0.404301666666667
0.408894666666667
0.415856333333333
0.436645000000000
0.446410666666667
0.460140666666667
0.462944666666667
0.484797000000000
0.495964666666667
0.509549666666667
0.514287333333333
0.518735333333333
0.534592666666667
0.535318000000000
0.545567000000000
0.544310000000000
0.551996666666667
0.548902666666667
0.547355666666667
0.557460000000000
0.568096000000000
0.569449666666667
0.564760333333333
0.564277000000000
0.567757666666667
0.572543666666667
0.588110666666667
0.614265666666667
0.638922000000000
0.630461666666667
0.607449333333333
0.576411333333333
0.566694000000000
0.567225666666667
0.570996666666667
0.576266333333333
0.575589333333333
0.580424000000000
0.574042333333333
0.573849000000000
0.568434333333333
0.571963666666667
0.570368333333333
0.568386000000000
0.561520666666667
0.566210333333333
0.572640333333333
0.579263666666667
0.569207666666667
0.563406333333333
0.558185333333333
0.562294666666667
0.557798333333333
0.563744666666667
0.570754666666667
0.575686000000000
0.576169333333333
0.571528333333333
0.577716666666667
0.579940666666667
0.586515666666667
0.569353000000000
0.566597333333333
0.564518333333333
0.576363000000000
0.575589333333333
0.572785333333333
0.578635000000000
0.584098000000000
0.593283666666667
0.596329333333333
0.601019000000000
0.595846000000000
0.586950666666667
0.580520666666667
0.575638000000000
0.575493000000000
0.572350666666667
0.572882333333333
0.574671000000000
0.576363000000000
0.579457000000000
0.568095666666667
0.571963333333333
0.577620000000000
0.592655666666667
0.595653000000000
0.579553666666667
0.567370666666667
0.553785666666667
0.561424333333333
0.569207666666667
0.569884666666667
0.563358000000000
0.560892666666667
0.558233666666667
0.555478000000000
0.557121666666667
0.562294333333333
0.563358000000000
0.558716666666667
0.552673666666667
0.555091000000000
0.557943333333333
0.557943333333333
0.554849333333333
0.555381333333333
0.554946333333333
0.560312666666667
0.552529000000000
0.558233666666667
0.557363333333333
0.556638000000000
0.557024666666667
0.562584333333333
0.578586666666667
0.597054666666667
0.594444000000000
0.566984000000000
0.522651333333333
0.491033333333333
0.491033333333333
0.507325666666667
0.527631000000000
0.533480666666667
0.515738000000000
0.494949333333333
0.477351666666667
0.474692666666667
0.474837666666667
0.476916666666667
0.477061666666667
0.476626666666667
0.478512000000000
0.481171000000000
0.483201333333333
0.485570333333333
0.483975000000000
0.484555333333333
0.491758666666667
0.500219000000000
0.508824333333333
0.510468000000000
0.509501000000000
0.512885333333333
0.515157666666667
0.529274666666667
0.538943666666667
0.543681666666667
0.548226000000000
0.554801000000000
0.560892333333333
0.561859333333333
0.557460000000000
0.555961333333333
0.554269333333333
0.547404333333333
0.548226333333333
0.547694333333333
0.557315000000000
0.556299666666667
0.553302333333333
0.551126666666667
0.558281666666667
0.569062666666667
0.580907333333333
0.586950666666667
0.588256000000000
0.592800333333333
0.597925000000000
0.605563666666667
0.598118666666667
0.594492666666667
0.583663333333333
0.585838666666667
0.581777666666667
0.580859000000000
0.572882000000000
0.567902333333333
0.575250666666667
0.573607000000000
0.568192333333333
0.560699000000000
0.559925666666667
0.562198000000000
0.545132000000000
0.548322666666667
0.562391000000000
0.577813333333333
0.591446666666667
0.580907666666667
0.581101000000000
0.576073333333333
0.587241000000000
0.585887333333333
0.569014666666667
0.546630666666667
0.534254000000000
0.524536666666667
0.517623333333333
0.517768666666667
0.516269666666667
0.518445333333333
0.508631000000000
0.501959333333333
0.480203666666667
0.476964666666667
0.468214333333333
0.469471333333333
0.468552666666667
0.477690000000000
0.484023333333333
0.487649333333333
0.497366666666667
0.509356333333333
0.513030666666667
0.512208666666667
0.510081333333333
0.518300000000000
0.522651333333333
0.528211000000000
0.533239000000000
0.527872666666667
0.541119333333333
0.548516000000000
0.566935333333333
0.555526000000000
0.548467666666667
0.534157666666667
0.535028000000000
0.531595333333333
0.548903000000000
0.571045000000000
0.615909666666667
0.664835000000000
0.679677000000000
0.678323333333333
0.682239333333333
0.687799000000000
0.689056000000000
0.643418000000000
0.631186666666667
0.626884000000000
0.636263000000000
0.621372666666667
0.606820666666667
0.566597333333333
0.558475333333333
0.531692000000000
0.534641000000000
0.521152666666667
0.515496000000000
0.512547000000000
0.511483333333333
0.501766000000000
0.497946666666667
0.490404666666667
0.503554666666667
0.516076000000000
0.531933333333333
0.548612333333333
0.573945666666667
0.610785000000000
0.623451666666667
0.629059666666667
0.729860000000000
0.858942333333333
0.975116333333333
1.00146466666667
0.951282000000000
0.992617333333333
1.03293733333333
1.15631500000000
1.15065866666667
1.14974000000000
1.23980766666667
1.31590333333333
1.34471733333333
1.16506566666667
1.00199633333333
0.880649333333333
0.960612666666667
1.10207166666667
1.21988933333333
1.25421466666667
1.24430400000000
1.38769700000000
1.75396266666667
2.17258633333333
2.39719966666667
2.44332133333333
2.38385633333333
2.35320500000000
2.22489566666667
2.16388366666667
2.12694766666667
2.07608833333333
1.91446933333333
1.74845100000000
1.67559433333333
1.72548666666667
1.73887833333333
1.63599900000000
1.51097766666667
1.46587133333333
1.40485933333333
1.34510433333333
1.18706300000000
1.04865000000000
0.932040666666667
0.861117666666667
0.855267666666667
0.867064000000000
0.844922000000000
0.804553666666667
0.772935666666667
0.764281666666667
0.810645000000000
0.798945333333333
0.788792666666667
0.711923333333333
0.677936666666667
0.690845000000000
0.729714666666667
0.709119333333333
0.665270000000000
0.638631666666667
0.698531666666667
0.745765333333333
0.745668666666667
0.722511333333333
0.709361333333333
0.710618333333333
0.703705000000000
0.695631333333333
0.697710333333333
0.692440666666667
0.672570666666667
0.659420666666667
0.659710666666667
0.657341666666667
0.652942333333333
0.626642333333333
0.617553333333333
0.591591666666667
0.575251000000000
0.585838666666667
0.627754333333333
0.705493666666667
0.739529000000000
0.725170333333333
0.670153333333333
0.643853333333333
0.647769333333333
0.662176333333333
0.670056666666667
0.676244666666667
0.655262666666667
0.670249666666667
0.680644000000000
0.689443000000000
0.649799666666667
0.628527666666667
0.630364666666667
0.639937333333333
0.659565666666667
0.655359666666667
0.639840666666667
0.602759666666667
0.574429333333333
0.579940666666667
0.588014333333333
0.607062333333333
0.616683000000000
0.619680333333333
0.631235000000000
0.622871333333333
0.636505000000000
0.653329000000000
0.674987666666667
0.666720333333333
0.631911666666667
0.594154000000000
0.607497333333333
0.635006000000000
0.674649333333333
0.672184000000000
0.654537666666667
0.627851000000000
0.624660000000000
0.621324333333333
0.607787333333333
0.573607333333333
0.561714333333333
0.558475333333333
0.560747333333333
0.550546333333333
0.548322333333333
0.541360666666667
0.555429333333333
0.565533666666667
0.577088333333333
0.618568666666667
0.637471666666667
0.651395000000000
0.628672666666667
0.653715666666667
0.659227000000000
0.630606333333333
0.593863666666667
0.617843000000000
0.672425000000000
0.714099000000000
0.676293000000000
0.659614000000000
0.648494333333333
0.635586000000000
0.603194666666667
0.576943333333333
0.623016666666667
0.662708000000000
0.646318666666667
0.630219666666667
0.596281333333333
0.642789666666667
0.654199000000000
0.661886000000000
0.671071666666667
0.672232000000000
0.687799000000000
0.685478333333333
0.707669000000000
0.745330333333333
0.765393666666667
0.775014333333333
0.732760333333333
0.695147666666667
0.706557333333333
0.735613000000000
0.814513000000000
0.809823333333334
0.829306333333333
0.772693666666667
0.735322666666667
0.743106333333333
0.705300333333333
0.704526666666667
0.654199000000000
0.644674666666667
0.669717666666667
0.677066333333333
0.702061000000000
0.694277333333333
0.743541333333333
0.800830666666667
0.797398333333333
0.827324333333333
0.819395666666667
0.899794000000000
0.914297333333333
0.884758333333333
0.815963000000000
0.730101666666667
0.744895333333333
0.798703666666667
0.971732000000000
1.10187800000000
1.22356366666667
1.24038800000000
1.28810500000000
1.28534933333333
1.19823066666667
1.12498733333333
0.984737000000000
1.07712533333333
1.09375600000000
1.05367766666667
0.876153000000000
0.762444666666667
0.791790333333333
0.807937666666667
0.789228000000000
0.803199666666667
0.788502666666667
0.806003666666667
0.741414333333333
0.727297666666667
0.718063666666667
0.773951000000000
0.766989000000000
0.732663666666667
0.676196000000000
0.649171000000000
0.637858333333333
0.651733666666667
0.671072000000000
0.682143000000000
0.679967333333333
0.653377333333333
0.649026333333333
0.647141000000000
0.699015666666667
0.700901000000000
0.662949666666667
0.639308666666667
0.691376666666667
0.848016000000000
0.904338333333333
0.871995333333333
0.770276666666667
0.711778666666667
0.676051333333333
0.658937000000000
0.684511666666667
0.719900666666667
0.697178333333333
0.669670000000000
0.645400666666667
0.671168666666667
0.661354333333333
0.683351333333333
0.678178333333333
0.677695000000000
0.642451333333333
0.628237666666667
0.642838000000000
0.627947333333333
0.621517666666667
0.627270666666667
0.648542666666667
0.647914000000000
0.614410666666667
0.611993666666667
0.610156666666667
0.631332000000000
0.640324000000000
0.625820333333333
0.626739000000000
0.734162666666667
0.779655666666667
0.784538333333333
0.691376666666667
0.673102000000000
0.674117333333333
0.645883666666667
0.619487000000000
0.591205000000000
0.583759666666667
0.602276000000000
0.606192000000000
0.592703666666667
0.576024666666667
0.567419000000000
0.570319666666667
0.573800333333333
0.573752000000000
0.594879000000000
0.600729000000000
0.569594666666667
0.569256333333333
0.563986666666667
0.603968333333333
0.614024000000000
0.603339666666667
0.580037000000000
0.582454333333333
0.611365000000000
0.649171333333333
0.637326666666667
0.623935000000000
0.636504666666667
0.630316666666667
0.657631666666667
0.613734000000000
0.584775000000000
0.525745333333333
0.554414333333333
0.578877000000000
0.644675000000000
0.641290666666667
0.691376666666667
0.674552666666667
0.686059000000000
0.680354333333333
0.699644000000000
0.690313333333333
0.677888333333333
0.628044333333333
0.634329333333333
0.612332333333333
0.615184666666667
0.614991333333333
0.618568666666667
0.629639666666667
0.638100000000000
0.651927000000000
0.688089333333333
0.648252666666667
0.635537666666667
0.611268333333333
0.616296333333333
0.613879333333333
0.600874333333333
0.607932666666667
0.618036666666667
0.623064666666667
0.620647333333333
0.571915000000000
0.544213000000000
0.519121666666667
0.534495666666667
0.554172333333333
0.587047333333333
0.621517666666667
0.618181666666667
0.607449000000000
0.602276000000000
0.625337000000000
0.693117333333333
0.706170666666667
0.708636333333333
0.648639666666667
0.625047000000000
0.612332000000000
0.615958000000000
0.620115666666667
0.624611666666667
0.624224666666667
0.661692333333333
0.664690000000000
0.686058666666667
0.668509333333333
0.717193000000000
0.722414333333333
0.736096000000000
0.673053666666667
0.635924333333333
0.582309333333333
0.574574000000000
0.571093333333333
0.583373000000000
0.585597000000000
0.609866333333333
0.612380333333333
0.617940000000000
0.609431333333333
0.639840666666667
0.663530000000000
0.667832666666667
0.601551000000000
0.548564333333333
0.511386666666667
0.521539333333333
0.531885333333333
0.554462666666667
0.581439333333333
0.613057000000000
0.610011333333333
0.659904000000000
0.668219666666667
0.705494000000000
0.713954333333333
0.763315000000000
0.810935000000000
0.797398333333333
0.751857000000000
0.718885666666667
0.729618333333333
0.835253000000000
0.903275000000000
0.961144666666667
0.942821666666667
0.978984000000000
1.07823700000000
1.25261933333333
1.38610133333333
1.43062766666667
1.51735933333333
1.54646333333333
1.58905566666667
1.49483033333333
1.51890633333333
1.52765700000000
1.42091000000000
1.20195333333333
1.00562233333333
0.979129333333333
0.926819333333333
0.951523666666667
0.871947000000000
0.858265333333333
0.804215333333333
0.830757000000000
0.865759000000000
0.890850000000000
0.888287666666667
0.866532333333333
0.847001000000000
0.816591666666667
0.816688333333333
0.772403666666667
0.748666000000000
0.743299666666667
0.738755333333333
0.739238666666667
0.697323333333333
0.693649000000000
0.719127000000000
0.764233000000000
0.756352666666667
0.717773333333333
0.689104666666667
0.696066666666667
0.698483666666667
0.679338666666667
0.655746000000000
0.642306000000000
0.661064333333333
0.686735666666667
0.700272333333333
0.675084333333333
0.662949666666667
0.718112000000000
0.731020000000000
0.728119333333333
0.673537333333333
0.672570666666667
0.664400333333333
0.658212000000000
0.655698000000000
0.633604000000000
0.612767333333333
0.585742000000000
0.596619666666667
0.591350000000000
0.621759333333333
0.627996000000000
0.632685333333333
0.614072333333333
0.597199666666667
0.585548333333333
0.597779666666667
0.617988000000000
0.614265666666667
0.591108333333333
0.567129000000000
0.570126333333333
0.572833666666667
0.574622666666667
0.570320000000000
0.560264333333333
0.561376333333333
0.548999666666667
0.538267000000000
0.523086333333333
0.526229000000000
0.518880333333333
0.502443000000000
0.484506666666667
0.475031000000000
0.475562666666667
0.488857666666667
0.497898333333333
0.497415000000000
0.490260000000000
0.500412333333333
0.516269666666667
0.520379000000000
0.520959333333333
0.521442666666667
0.527485666666667
0.518058333333333
0.509839666666667
0.509598000000000
0.513997333333333
0.518638666666667
0.516801666666667
0.519025666666667
0.518783666666667
0.526083666666667
0.529806000000000
0.530531333333333
0.535172666666667
0.542183000000000
0.549144666666667
0.546969000000000
0.548419333333333
0.546582333333333
0.560844333333333
0.580085666666667
0.584291666666667
0.579263666666667
0.560747333333333
0.553447000000000
0.541264000000000
0.534447333333333
0.535172666666667
0.534737666666667
0.534399333333333
0.543681666666667
0.545663666666667
0.543923333333333
0.533142333333333
0.548371333333333
0.559055666666667
0.563696666666667
0.552577000000000
0.547597333333333
0.557556666666667
0.565678666666667
0.572302000000000
0.572302000000000
0.563793333333333
0.562198000000000
0.558378666666667
0.565727000000000
0.565823666666667
0.577378333333333
0.574816333333333
0.572785666666667
0.562536333333333
0.558862000000000
0.563261666666667
0.559007333333333
0.565872333333333
0.556928333333333
0.564421666666667
0.555332666666667
0.558861666666667
0.556444666666667
0.566839000000000
0.581342666666667
0.592703666666667
0.605176666666667
0.602179333333333
0.592655333333333
0.578538666666667
0.588836333333333
0.598843666666667
0.590528000000000
0.570996333333333
0.554269000000000
0.572302000000000
0.578732000000000
0.582986333333333
0.575492666666667
0.566984000000000
0.552577000000000
0.533432333333333
0.533287333333333
0.544648666666667
0.539524000000000
0.515012666666667
0.494852666666667
0.492532000000000
0.503893333333333
0.507470666666667
0.502104333333333
0.502684333333333
0.497559666666667
0.502442666666667
0.497559666666667
0.506987333333333
0.508437666666667
0.518252000000000
0.515641333333333
0.522119666666667
0.518397000000000
0.531401666666667
0.533432000000000
0.536864666666667
0.531208333333333
0.523763333333333
0.515834666666667
0.512450666666667
0.518542000000000
0.523424666666667
0.525696666666667
0.527437333333333
0.530096333333333
0.530821666666667
0.539910666666667
0.543681666666667
0.550885000000000
0.553205333333333
0.547935666666667
0.542956000000000
0.534109000000000
0.542618000000000
0.563938333333333
0.604983666666667
0.618713666666667
0.608416333333333
0.571528666666667
0.590770000000000
0.659082000000000
0.729231333333333
0.755821333333333
0.798945333333333
0.821184000000000
0.896651333333333
0.987734333333333
1.06165466666667
1.09646333333333
1.07069533333333
1.11705866666667
1.15737900000000
1.24440066666667
1.35143766666667
1.44140833333333
1.35801233333333
1.23705166666667
1.14915966666667
1.19852066666667
1.35709400000000
1.64803733333333
1.98012266666667
2.26395933333333
2.46203100000000
2.51811166666667
2.41798800000000
2.24230033333333
2.10393533333333
2.05027166666667
2.08720766666667
2.14048466666667
2.06656433333333
1.87922533333333
1.68492466666667
1.56188533333333
1.48704666666667
1.40979033333333
1.32702300000000
1.14190800000000
0.937793666666667
0.840087333333333
0.826405666666667
0.814561000000000
0.787101000000000
0.775353000000000
0.861214333333333
0.825100333333333
0.794691000000000
0.740302333333333
0.739528666666667
0.733630666666667
0.732857333333333
0.736483333333333
0.796190000000000
0.773709333333333
0.794449333333334
0.699257000000000
0.682142666666667
0.630896666666667
0.681659333333333
0.654876000000000
0.651250000000000
0.620744000000000
0.649558000000000
0.657196666666667
0.619004000000000
0.591882000000000
0.587434333333333
0.656906666666667
0.666479000000000
0.691425000000000
0.658260000000000
0.669524666666667
0.637568333333333
0.625288666666667
0.600971000000000
0.646029000000000
0.659469000000000
0.737015000000000
0.728264666666667
0.775788000000000
0.790001666666667
0.796383000000000
0.787052333333333
0.719852000000000
0.684511666666667
0.664738666666667
0.683206666666667
0.696598333333333
0.672715666666667
0.657583666666667
0.672184000000000
0.695728000000000
0.696453000000000
0.672957000000000
0.679483666666667
0.660097333333333
0.653425666666667
0.598457000000000
0.580907333333333
0.576701333333333
0.587530666666667
0.587869333333333
0.603485000000000
0.601212666666667
0.607884333333333
0.579553666666667
0.584968333333333
0.601599000000000
0.610736333333333
0.623161333333333
0.614265666666667
0.629736333333333
0.600003666666667
0.567854000000000
0.529999333333333
0.510806333333333
0.508631000000000
0.499639000000000
0.494756000000000
0.488954333333333
0.492918666666667
0.489679666666667
0.485618666666667
0.483298000000000
0.477109666666667
0.478173333333333
0.477013000000000
0.486005333333333
0.487504000000000
0.476481333333333
0.473677333333333
0.484410000000000
0.492097000000000
0.501862666666667
0.499929000000000
0.526083666666667
0.528742666666667
0.526083666666667
0.544358333333333
0.558330333333333
0.588981333333333
0.593187333333333
0.561376000000000
0.509211333333333
0.449988333333333
0.439835666666667
0.439690666666667
0.476336333333333
0.531160000000000
0.536671333333333
0.513852333333333
0.484797000000000
0.488132666666667
0.494997666666667
0.484023000000000
0.463766333333333
0.451728333333333
0.468069333333333
0.525503666666667
0.580279000000000
0.598456666666667
0.599472000000000
0.552915333333333
0.519460333333333
0.478898333333333
0.476964666666667
0.488422666666667
0.524053333333333
0.523666666666667
0.530096666666667
0.505198666666667
0.500267333333333
0.476288000000000
0.467731000000000
0.469084666666667
0.473822333333333
0.472178666666667
0.467779333333333
0.471840333333333
0.482138000000000
0.486440666666667
0.484313666666667
0.480059000000000
0.472855333333333
0.467924000000000
0.464830000000000
0.466860666666667
0.471985333333333
0.482621333333333
0.491662000000000
0.487020666666667
0.472082000000000
0.472903666666667
0.480445666666667
0.484555000000000
0.498382000000000
0.503700000000000
0.506987333333333
0.492387000000000
0.484410000000000
0.481509333333333
0.478076666666667
0.466473666666667
0.455692666666667
0.457820000000000
0.474982666666667
0.488761000000000
0.485473333333333
0.484699666666667
0.478366666666667
0.483104666666667
0.492000333333333
0.501814333333333
0.521539333333333
0.537106666666667
0.571770333333333
0.562826333333333
0.565582000000000
0.617891666666667
0.689346333333333
0.759930666666667
0.770083333333333
0.737595000000000
0.673489000000000
0.647721000000000
0.682529666666667
0.660677333333333
0.647092000000000
0.818767000000000
0.979129000000000
1.14669433333333
1.11125700000000
1.20988166666667
1.21776200000000
1.27993433333333
1.31522666666667
1.29632366666667
1.18817466666667
0.994164333333333
0.958388666666667
1.06581233333333
1.24454533333333
1.41762233333333
1.49594200000000
1.67598066666667
1.97548100000000
2.24336366666667
2.33802433333333
2.26990566666667
2.18007966666667
2.22363900000000
2.28068666666667
2.38491966666667
2.36485633333333
2.34372933333333
2.37969833333333
2.44013033333333
2.45231333333333
2.34440600000000
2.29683400000000
2.17074900000000
2.01570500000000
1.78852933333333
1.63266333333333
1.54017833333333
1.44928866666667
1.28984533333333
1.17357466666667
1.06789133333333
0.957131666666667
0.800637333333333
0.665173666666667
0.630123333333333
0.652990666666667
0.648446000000000
0.643708000000000
0.605466666666667
0.609769333333333
0.604354666666667
0.598553333333333
0.603774666666667
0.609092666666667
0.636311000000000
0.618955000000000
0.611800000000000
0.582648000000000
0.588353000000000
0.576266666666667
0.568241000000000
0.548419333333333
0.541070666666667
0.553544000000000
0.559442000000000
0.569159666666667
0.584775333333333
0.599472333333333
0.622823000000000
0.634039000000000
0.639453666666667
0.621130666666667
0.576411000000000
0.556009333333333
0.549047666666667
0.590044666666667
0.585500000000000
0.594734000000000
0.578586666666667
0.583663000000000
0.569643000000000
0.554559333333333
0.538412000000000
0.542569666666667
0.521346000000000
0.538218666666667
0.532852333333333
0.541457666666667
0.529999666666667
0.535317666666667
0.545277000000000
0.548274333333333
0.566790666666667
0.574816000000000
0.571963666666667
0.550933333333333
0.543343000000000
0.537928333333334
0.526228666666667
0.512353666666667
0.492870666666667
0.479189000000000
0.476239666666667
0.483878000000000
0.494272333333333
0.483733333333333
0.475128000000000
0.462364666666667
0.471163333333333
0.475611000000000
0.478173333333333
0.467344000000000
0.474741000000000
0.479865666666667
0.484410000000000
0.471115000000000
0.449891333333333
0.452985666666667
0.468552666666667
0.497463333333333
0.511435000000000
0.492097000000000
0.475369333333333
0.453469000000000
0.455064333333333
0.448779333333333
0.445878666666667
0.438530333333333
0.444718666666667
0.429054666666667
0.422914666666667
0.404978333333333
0.410876333333333
0.405510000000000
0.418418333333333
0.417790000000000
0.428667666666667
0.422092666666667
0.417983333333333
0.426105333333333
0.424316666666667
0.426347000000000
0.429344666666667
0.440270666666667
0.458013666666667
0.453469000000000
0.449166333333333
0.439980666666667
0.440174000000000
0.438095000000000
0.445056666666667
0.456949666666667
0.474934333333333
0.478125000000000
0.478898666666667
0.512837000000000
0.561811000000000
0.554897666666667
0.545663666666667
0.536091333333333
0.591398333333333
0.632878666666667
0.740157333333333
0.770711666666667
0.804988666666667
0.680209000000000
0.630703333333333
0.531015000000000
0.527195666666667
0.526809000000000
0.544697000000000
0.553737666666667
0.552384000000000
0.548129666666667
0.535414666666667
0.510613333333333
0.503409666666667
0.495094333333333
0.490598333333333
0.479865666666667
0.473194000000000
0.474886000000000
0.475369333333333
0.467537333333333
0.458351666666667
0.446362000000000
0.443944666666667
0.446652000000000
0.456901333333333
0.455644333333333
0.466183666666667
0.491758333333333
0.511241666666667
0.501572666666667
0.477690000000000
0.471453333333333
0.490308000000000
0.515399333333333
0.536864666666667
0.524198000000000
0.502201000000000
0.482476000000000
0.504280000000000
0.528114333333333
0.567467666666667
0.553302333333333
0.552577000000000
0.562874666666667
0.591205000000000
0.640855666666667
0.694809000000000
0.815866000000000
0.818283333333333
0.754515666666667
0.692827000000000
0.889835000000000
1.05696533333333
1.05967266666667
0.940646000000000
0.941226333333333
1.01886900000000
1.15549333333333
1.17932733333333
1.25150733333333
1.12914500000000
1.12721133333333
1.20113133333333
1.37164566666667
1.46234166666667
1.55448833333333
1.71344833333333
1.85176500000000
1.87497100000000
1.74177933333333
1.65127666666667
1.62062533333333
1.55985500000000
1.47365466666667
1.33229266666667
1.28675100000000
1.26997533333333
1.27756533333333
1.33480666666667
1.30782966666667
1.14258500000000
0.962449666666667
0.909269666666667
0.965930666666667
0.975261333333333
0.935570000000000
0.975261666666667
0.972312666666667
0.941903333333333
0.891962333333333
0.935763333333333
0.980966333333333
0.939437666666667
0.924547000000000
0.930155000000000
0.921597666666667
0.835543000000000
0.770421666666667
0.783281666666667
0.869530000000000
0.937455333333333
0.930203333333333
0.933877333333333
0.901099000000000
0.935763000000000
0.829451333333333
0.783620000000000
0.729618000000000
0.755386333333333
0.758335333333333
0.731358666666667
0.719659000000000
0.703270000000000
0.710231666666667
0.690893333333333
0.721931000000000
0.718111666666667
0.753839000000000
0.719562000000000
0.764571666666667
0.758915333333333
0.784200000000000
0.765973666666667
0.747070666666667
0.713664000000000
0.703511666666667
0.746200666666667
0.781686333333333
0.796721666666667
0.789034666666667
0.791742000000000
0.784151666666667
0.747119000000000
0.745185000000000
0.753839000000000
0.760510666666667
0.759592333333333
0.741849333333333
0.737111666666667
0.698918666666667
0.700756000000000
0.694616000000000
0.696501666666667
0.663626666666667
0.670540000000000
0.672618666666667
0.677356666666667
0.677501666666667
0.678807000000000
0.694084000000000
0.683448000000000
0.669379333333333
0.670829666666667
0.687460666666667
0.691135000000000
0.681272666666667
0.668799666666667
0.724300333333333
0.708926333333333
0.693600666666667
0.644868333333333
0.639937000000000
0.645641666666667
0.629881000000000
0.629156000000000
0.616296333333333
0.626835666666667
0.620212333333333
0.618181666666667
0.582358000000000
0.588256000000000
0.586032000000000
0.602421000000000
0.601067333333333
0.591930333333333
0.598408666666667
0.599810666666667
0.610688333333333
0.597780000000000
0.595024333333333
0.578441666666667
0.579408666666667
0.578006666666667
0.594251000000000
0.604451666666667
0.592268666666667
0.573413666666667
0.560215333333333
0.566258666666667
0.575251000000000
0.576508000000000
0.579602000000000
0.563696333333333
0.562149333333333
0.564373333333333
0.584533333333333
0.594251000000000
0.579795666666667
0.564905333333333
0.539330333333333
0.534157333333333
0.526712333333333
0.523328333333333
0.527292666666667
0.534737666666667
0.552238666666667
0.563648000000000
0.574719000000000
0.573075333333333
0.566694000000000
0.553544333333333
0.548129666666667
0.544165333333333
0.537638666666667
0.531160333333333
0.522554666666667
0.527485666666667
0.524633333333333
0.508824333333333
0.493015333333333
0.483152666666667
0.492386666666667
0.507132333333333
0.547307333333333
0.571045000000000
0.585983666666667
0.570368333333333
0.561811333333333
0.538412000000000
0.543585000000000
0.575348000000000
0.618037000000000
0.642644666666667
0.639260333333333
0.640275666666667
0.604210000000000
0.571383333333333
0.540297333333333
0.552383666666667
0.592462000000000
0.604306666666667
0.607062333333333
0.598843666666667
0.601019000000000
0.600487333333333
0.582648000000000
0.569063000000000
0.548854666666667
0.526567333333333
0.520040666666667
0.589706333333333
0.610205000000000
0.607836000000000
0.530821666666667
0.547597333333333
0.591640000000000
0.651491666666667
0.751421666666667
0.810451666666667
0.818718666666667
0.806535666666667
0.747457333333333
0.779655333333333
0.866629000000000
1.12793633333333
1.24705966666667
1.22390200000000
1.11831566666667
1.08234666666667
1.04014100000000
0.979854000000000
0.964770333333333
1.11652700000000
1.20746500000000
1.27099066666667
1.14712933333333
1.12213466666667
1.09912233333333
1.18585433333333
1.23603700000000
1.42811366666667
1.73346366666667
2.08343666666667
2.42635166666667
2.71951933333333
2.99059300000000
3.09840366666667
3.03347566666667
2.94978966666667
2.87693266666667
2.86325066666667
2.88529600000000
2.91145100000000
2.92585800000000
2.86073666666667
2.83351833333333
2.84115700000000
2.84633000000000
2.76138666666667
2.59986400000000
2.42785033333333
2.29030733333333
2.17147400000000
2.06637100000000
1.84490000000000
1.57450366666667
1.44706466666667
1.49782766666667
1.63894833333333
1.63072966666667
1.52349933333333
1.35540200000000
1.17565333333333
0.982996666666667
0.816881666666667
0.698435333333333
0.689298000000000
0.741559333333333
0.776271333333333
0.825342000000000
0.793144000000000
0.747651000000000
0.676341333333333
0.685236666666667
0.725992000000000
0.762734666666667
0.751518666666667
0.742236333333333
0.752437000000000
0.750116333333333
0.780187333333333
0.776803333333333
0.759640666666667
0.747796000000000
0.745378666666667
0.795319666666667
0.771872000000000
0.732277000000000
0.676389666666667
0.667687333333333
0.738320000000000
0.757513000000000
0.769841333333333
0.752437000000000
0.740157333333333
0.705638666666667
0.667639333333333
0.672329000000000
0.715453000000000
0.749488000000000
0.724976666666667
0.728989333333333
0.688137666666667
0.773032333333333
0.764185333333333
0.772017000000000
0.748182666666667
0.763314666666667
0.785215333333333
0.749826666666667
0.756933333333334
0.724735333333333
0.726524000000000
0.684028333333333
0.709409666666667
0.726572333333333
0.759350666666667
0.730053333333333
0.772500666666667
0.765539000000000
0.759060666666667
0.712117000000000
0.735032666666667
0.759060333333333
0.773854000000000
0.812820333333333
0.809484333333333
0.780622333333333
0.717386666666667
0.763121666666667
0.795754666666667
0.784345000000000
0.713132000000000
0.699015333333333
0.696018000000000
0.719755666666667
0.695051000000000
0.716323000000000
0.726814000000000
0.772210333333333
0.782169333333333
0.801314000000000
0.786085333333333
0.777866666666667
0.759350333333333
0.733485333333333
0.717918333333333
0.706412333333333
0.754951333333333
0.780042333333333
0.760414000000000
0.706218666666667
0.675471000000000
0.675036000000000
0.688717666666667
0.726959000000000
0.738271666666667
0.739964000000000
0.710231666666667
0.739577333333333
0.748956333333333
0.754564333333333
0.732277333333333
0.722801666666667
0.739239000000000
0.761091000000000
0.760462333333333
0.714776000000000
0.688476000000000
0.669234666666667
0.695002666666667
0.662901333333333
0.660919000000000
0.663771333333333
0.693842333333333
0.679193666666667
0.712649000000000
0.691908666666667
0.695244666666667
0.628624333333333
0.642693000000000
0.651830333333333
0.676245000000000
0.666817666666667
0.659710666666667
0.665173666666667
0.676969666666667
0.636311333333333
0.514335666666667
0.399612000000000
0.308190666666667
0.236156000000000
0.154597333333333
0.0969696666666667
0.0680110000000000
0.0590673333333333
0.0580520000000000
0.0563113333333333
0.0553926666666667
0.0544740000000000
0.0546673333333333
0.0548123333333333
0.0552476666666667
0.0547643333333333
0.0541600000000000