0
1.56250000000000
3.12500000000000
4.68750000000000
6.25000000000000
7.81250000000000
9.37500000000000
10.9375000000000
12.5000000000000
14.0625000000000
15.6250000000000
17.1875000000000
18.7500000000000
20.3125000000000
21.8750000000000
23.4375000000000
25
26.5625000000000
28.1250000000000
29.6875000000000
31.2500000000000
32.8125000000000
34.3750000000000
35.9375000000000
37.5000000000000
39.0625000000000
40.6250000000000
42.1875000000000
43.7500000000000
45.3125000000000
46.8750000000000
48.4375000000000
50
51.5625000000000
53.1250000000000
54.6875000000000
56.2500000000000
57.8125000000000
59.3750000000000
60.9375000000000
62.5000000000000
64.0625000000000
65.6250000000000
67.1875000000000
68.7500000000000
70.3125000000000
71.8750000000000
73.4375000000000
75
76.5625000000000
78.1250000000000
79.6875000000000
81.2500000000000
82.8125000000000
84.3750000000000
85.9375000000000
87.5000000000000
89.0625000000000
90.6250000000000
92.1875000000000
93.7500000000000
95.3125000000000
96.8750000000000
98.4375000000000
100
101.562500000000
103.125000000000
104.687500000000
106.250000000000
107.812500000000
109.375000000000
110.937500000000
112.500000000000
114.062500000000
115.625000000000
117.187500000000
118.750000000000
120.312500000000
121.875000000000
123.437500000000
125
126.562500000000
128.125000000000
129.687500000000
131.250000000000
132.812500000000
134.375000000000
135.937500000000
137.500000000000
139.062500000000
140.625000000000
142.187500000000
143.750000000000
145.312500000000
146.875000000000
148.437500000000
150
151.562500000000
153.125000000000
154.687500000000
156.250000000000
157.812500000000
159.375000000000
160.937500000000
162.500000000000
164.062500000000
165.625000000000
167.187500000000
168.750000000000
170.312500000000
171.875000000000
173.437500000000
175
176.562500000000
178.125000000000
179.687500000000
181.250000000000
182.812500000000
184.375000000000
185.937500000000
187.500000000000
189.062500000000
190.625000000000
192.187500000000
193.750000000000
195.312500000000
196.875000000000
198.437500000000
200
201.562500000000
203.125000000000
204.687500000000
206.250000000000
207.812500000000
209.375000000000
210.937500000000
212.500000000000
214.062500000000
215.625000000000
217.187500000000
218.750000000000
220.312500000000
221.875000000000
223.437500000000
225
226.562500000000
228.125000000000
229.687500000000
231.250000000000
232.812500000000
234.375000000000
235.937500000000
237.500000000000
239.062500000000
240.625000000000
242.187500000000
243.750000000000
245.312500000000
246.875000000000
248.437500000000
250
251.562500000000
253.125000000000
254.687500000000
256.250000000000
257.812500000000
259.375000000000
260.937500000000
262.500000000000
264.062500000000
265.625000000000
267.187500000000
268.750000000000
270.312500000000
271.875000000000
273.437500000000
275
276.562500000000
278.125000000000
279.687500000000
281.250000000000
282.812500000000
284.375000000000
285.937500000000
287.500000000000
289.062500000000
290.625000000000
292.187500000000
293.750000000000
295.312500000000
296.875000000000
298.437500000000
300
301.562500000000
303.125000000000
304.687500000000
306.250000000000
307.812500000000
309.375000000000
310.937500000000
312.500000000000
314.062500000000
315.625000000000
317.187500000000
318.750000000000
320.312500000000
321.875000000000
323.437500000000
325
326.562500000000
328.125000000000
329.687500000000
331.250000000000
332.812500000000
334.375000000000
335.937500000000
337.500000000000
339.062500000000
340.625000000000
342.187500000000
343.750000000000
345.312500000000
346.875000000000
348.437500000000
350
351.562500000000
353.125000000000
354.687500000000
356.250000000000
357.812500000000
359.375000000000
360.937500000000
362.500000000000
364.062500000000
365.625000000000
367.187500000000
368.750000000000
370.312500000000
371.875000000000
373.437500000000
375
376.562500000000
378.125000000000
379.687500000000
381.250000000000
382.812500000000
384.375000000000
385.937500000000
387.500000000000
389.062500000000
390.625000000000
392.187500000000
393.750000000000
395.312500000000
396.875000000000
398.437500000000
400